job_queue: 1746666640.9472063
job_start: 1746666640.9491735
job_end: 1746666645.9577148
