job_queue: 1746667496.4354672
job_start: 1746667496.4377189
job_fail: 1746667496.5230293
