job_queue: 1746666414.7065475
job_start: 1746666414.7091923
job_fail: 1746666414.7268305
