job_queue: 1746666773.5127974
job_start: 1746666778.4509184
job_end: 1746666783.4609406
