task_node: unknown
task_start: 1746666778.4520633
task_end: 1746666783.457226
