job_queue: 1746666640.8597586
job_start: 1746666640.871789
job_end: 1746666645.9226537
