task_node: unknown
task_start: 1746666640.9167688
task_end: 1746666645.9216115
