job_queue: 1746666806.385164
job_start: 1746666806.3863041
job_end: 1746666811.3909369
