task_node: unknown
task_start: 1746666806.389039
task_end: 1746666811.3897555
