job_queue: 1746666806.435141
job_start: 1746666811.3520846
job_end: 1746666816.359303
