task_node: unknown
task_start: 1746666811.3536847
task_end: 1746666816.358867
