job_queue: 1746667496.5171285
job_start: 1746667496.518215
job_fail: 1746667496.5196054
