job_queue: 1746666806.4428155
job_start: 1746666811.4095993
job_end: 1746666816.4161785
