task_node: unknown
task_start: 1746666811.4103556
task_end: 1746666816.415564
