job_queue: 1746666773.325084
job_start: 1746666773.3288832
job_end: 1746666778.4100516
