task_node: unknown
task_start: 1746666773.4050035
task_end: 1746666778.4096365
