job_start: 1747146307.5760272
job_queue: 1747146307.66273
job_end: 1747146371.303774
