task_node: unknown
task_start: 1747146307.6973324
task_end: 1747146371.2953517
