job_queue: 1746667496.6726294
job_start: 1746667496.6752927
job_fail: 1746667496.7196991
