job_queue: 1746667496.6031551
job_start: 1746667496.60611
job_fail: 1746667496.6201859
