job_queue: 1746666702.886321
job_start: 1746666702.8948288
job_end: 1746666707.9667244
