task_node: unknown
task_start: 1746653914.53342
task_end: 1746653916.535726
