job_queue: 1746665577.0023155
job_start: 1746665577.043557
job_end: 1746665579.105942
