task_node: unknown
task_start: 1746665577.1029143
task_end: 1746665579.1051772
