job_queue: 1746666414.6838498
job_start: 1746666414.6886065
job_fail: 1746666414.706146
