task_node: unknown
task_start: 1746653918.5984287
task_end: 1746653920.620499
