job_queue: 1747150854.3041406
job_node: unknown
job_start: 1747150854.3903375
job_end: 1747151220.4159448
