task_node: unknown
task_start: 1747150855.5752509
task_end: 1747151220.4153042
