job_queue: 1746666414.6679873
job_start: 1746666414.673235
job_fail: 1746666414.6953392
