job_queue: 1746667496.6477685
job_start: 1746667496.6490192
job_fail: 1746667496.6500585
