job_queue: 1746666414.722103
job_start: 1746666414.7245328
job_fail: 1746666414.7264187
