task_node: unknown
task_start: 1746653304.0309043
task_end: 1746653306.033363
