job_queue: 1746666359.484854
job_start: 1746666359.4866543
job_end: 1746666364.5082698
