task_node: unknown
task_start: 1746666359.5042796
task_end: 1746666364.5076995
