task_node: unknown
task_start: 1746653285.6197007
task_end: 1746653287.6218638
