job_queue: 1746666806.4628556
job_start: 1746666811.4402542
job_end: 1746666816.447215
