task_node: unknown
task_start: 1746666811.441133
task_end: 1746666816.4463007
