job_queue: 1746666806.4294436
job_start: 1746666806.4333954
job_end: 1746666811.4400911
