task_node: unknown
task_start: 1746666806.435069
task_end: 1746666811.4396667
