job_queue: 1747152996.5176315
job_node: unknown
job_start: 1747152996.6882215
job_end: 1747153368.0791287
