task_node: unknown
task_start: 1747152999.588518
task_end: 1747153368.0784569
