job_start: 1747216971.2062736
job_queue: 1747216971.2110875
job_end: 1747216986.3410623
