task_node: unknown
task_start: 1747216983.3129911
task_end: 1747216986.3397663
