job_queue: 1746666702.822527
job_start: 1746666702.8392282
job_end: 1746666707.91061
