task_node: unknown
task_start: 1746666702.904892
task_end: 1746666707.9095924
