job_queue: 1746665576.9559593
job_start: 1746665576.9712186
job_end: 1746665579.1064954
