task_node: unknown
task_start: 1746665577.103004
task_end: 1746665579.1052518
