job_queue: 1746667496.0015326
job_start: 1746667496.0514863
job_fail: 1746667496.0712795
