job_queue: 1746666414.7131023
job_start: 1746666414.7200186
job_fail: 1746666414.7299042
