job_queue: 1746666733.0360165
job_start: 1746666733.0394857
job_end: 1746666738.0813932
