task_node: unknown
task_start: 1746666733.0720818
task_end: 1746666738.081036
