task_node: unknown
task_start: 1747043700.2594576
task_end: 1747043700.9851043
