job_queue: 1746667496.6524813
job_start: 1746667496.6540914
job_fail: 1746667496.665673
