job_start: 1747221294.9665148
job_queue: 1747221294.9691935
job_end: 1747222126.377118
