task_node: unknown
task_start: 1747221294.999385
task_end: 1747222126.3744109
