task_node: unknown
task_start: 1747043701.0034404
task_end: 1747043704.1187613
