job_queue: 1747152300.631685
job_node: unknown
job_start: 1747152300.7850668
job_end: 1747152996.1558948
