task_node: unknown
task_start: 1747152303.1821785
task_end: 1747152996.154286
