job_start: 1747216971.1781924
job_queue: 1747216971.1787682
job_end: 1747216986.0530584
