task_node: unknown
task_start: 1747216983.0463777
task_end: 1747216986.0512614
