job_start: 1747228599.2304404
job_queue: 1747228599.2336729
job_end: 1747229195.9946423
