task_node: unknown
task_start: 1747228599.2357795
task_end: 1747229195.9919193
