job_queue: 1747152998.1893573
job_node: unknown
job_start: 1747152998.395529
job_end: 1747153374.2630103
