task_node: unknown
task_start: 1747153000.4140763
task_end: 1747153374.2623215
