job_queue: 1746665667.7034729
job_start: 1746665667.705875
job_end: 1746665669.7232866
