task_node: unknown
task_start: 1746665667.720789
task_end: 1746665669.7229202
