job_queue: 1747154777.7680597
job_node: unknown
job_start: 1747154778.2809832
job_end: 1747155495.6062896
