task_node: unknown
task_start: 1747154785.2456365
task_end: 1747155495.6046915
