job_queue: 1747150329.7358634
job_node: unknown
job_start: 1747150329.878722
job_end: 1747150642.5005453
