task_node: unknown
task_start: 1747150331.5800512
task_end: 1747150642.4988902
