job_start: 1747243225.2392268
job_queue: 1747243225.381407
job_end: 1747243227.3624566
