task_node: unknown
task_start: 1747243225.390996
task_end: 1747243227.2662716
