job_queue: 1746666733.105492
job_start: 1746666733.1150203
job_end: 1746666738.1294577
