job_queue: 1746666806.360581
job_start: 1746666806.3627212
job_end: 1746666811.3952634
