task_node: unknown
task_start: 1746666806.3894668
task_end: 1746666811.3948662
