job_start: 1747216971.2405264
job_queue: 1747216971.241261
job_end: 1747216989.2432573
