task_node: unknown
task_start: 1747216986.342465
task_end: 1747216989.2345507
