job_queue: 1746666702.7403827
job_start: 1746666702.7544243
job_end: 1746666707.7899964
