job_queue: 1746666806.407326
job_start: 1746666806.410572
job_end: 1746666811.418799
