task_node: unknown
task_start: 1746666806.4130995
task_end: 1746666811.4182591
