job_queue: 1746666773.5026307
job_start: 1746666778.4103863
job_end: 1746666783.4177773
