task_node: unknown
task_start: 1746666778.411979
task_end: 1746666783.4171696
