job_queue: 1747151460.749865
job_node: unknown
job_start: 1747151461.0146868
job_end: 1747152273.807769
