task_node: unknown
task_start: 1747151463.3283527
task_end: 1747152273.8063521
