job_start: 1747216971.026123
job_queue: 1747216971.081582
job_end: 1747216975.2936509
