task_node: unknown
task_start: 1747216971.0902236
task_end: 1747216975.291879
