job_queue: 1746666733.0400994
job_start: 1746666733.0498478
job_end: 1746666738.130048
