task_node: unknown
task_start: 1746666733.1003635
task_end: 1746666738.1055634
