job_start: 1747221294.870321
job_queue: 1747221294.9381654
job_end: 1747222118.010465
