task_node: unknown
task_start: 1747221294.9528096
task_end: 1747222118.007582
