job_queue: 1746667496.6431217
job_start: 1746667496.6459074
job_fail: 1746667496.6489015
