job_start: 1747243157.2901688
job_queue: 1747243157.4308388
job_end: 1747243160.243267
