task_node: unknown
task_start: 1747243157.4431486
task_end: 1747243160.1149223
