job_start: 1747221295.002532
job_queue: 1747221295.0037286
job_end: 1747222844.3844004
