task_node: unknown
task_start: 1747222122.6588595
task_end: 1747222844.3804662
