task_node: unknown
task_start: 1747144836.5359268
task_end: 1747144909.1536314
