task_node: unknown
task_start: 1746666113.5073385
task_end: 1746666118.5095978
