job_start: 1747221295.017919
job_queue: 1747221295.0189185
job_end: 1747223692.8558667
