job_start: 1747221295.043815
job_queue: 1747221295.0447693
job_end: 1747223725.9884384
