task_node: unknown
task_start: 1747222856.0440028
task_end: 1747223725.9831781
