job_queue: 1746666806.4404173
job_start: 1746666811.395397
job_end: 1746666816.4002411
