task_node: unknown
task_start: 1746666811.3969014
task_end: 1746666816.3996713
