job_queue: 1746666359.3553112
job_start: 1746666359.3562887
job_end: 1746666364.409876
