job_start: 1747228599.23757
job_queue: 1747228599.2382925
job_end: 1747229188.9691737
