task_node: unknown
task_start: 1747228599.241209
task_end: 1747229188.9662173
