job_queue: 1746666663.4195108
job_start: 1746666663.4211748
job_end: 1746666668.4298131
