task_node: unknown
task_start: 1746666663.42254
task_end: 1746666668.4277692
