job_queue: 1746666359.4801416
job_start: 1746666359.4828715
job_end: 1746666364.5012631
