task_node: unknown
task_start: 1746666359.4842129
task_end: 1746666364.4845629
