job_queue: 1746666806.447236
job_start: 1746666811.4190001
job_end: 1746666816.425868
