task_node: unknown
task_start: 1746666811.4199533
task_end: 1746666816.4251604
