job_start: 1747216971.1405613
job_queue: 1747216971.1418047
job_end: 1747216979.9043164
