task_node: unknown
task_start: 1747216975.7066092
task_end: 1747216979.9035594
