job_queue: 1746666806.419997
job_start: 1746666806.420987
job_end: 1746666811.427471
