task_node: unknown
task_start: 1746666806.4218988
task_end: 1746666811.4270303
