job_queue: 1746666806.4533937
job_start: 1746666811.4276285
job_end: 1746666816.4351926
