task_node: unknown
task_start: 1746666811.4295657
task_end: 1746666816.434672
