job_queue: 1746666773.5072966
job_start: 1746666778.4393828
job_end: 1746666783.4469843
