task_node: unknown
task_start: 1746666778.4412103
task_end: 1746666783.4463716
