job_start: 1747242656.6111171
job_queue: 1747242656.6817696
job_end: 1747242658.2824466
