task_node: unknown
task_start: 1747242656.691605
task_end: 1747242658.1805518
