job_queue: 1746666359.4471395
job_start: 1746666359.4479547
job_end: 1746666364.4698262
