task_node: unknown
task_start: 1746666359.4586701
task_end: 1746666364.4610102
