job_queue: 1746667495.9058053
job_start: 1746667495.9698656
job_fail: 1746667496.0232306
