task_node: unknown
task_start: 1747145540.2948444
task_end: 1747145610.7474542
