job_queue: 1746666640.741617
job_start: 1746666640.7509832
job_end: 1746666645.8634782
