task_node: unknown
task_start: 1746666640.8574326
task_end: 1746666645.8626363
