job_queue: 1746666640.887594
job_start: 1746666640.890141
job_end: 1746666645.899268
