task_node: unknown
task_start: 1746666640.8932173
task_end: 1746666645.8985882
