job_queue: 1746666663.3358512
job_start: 1746666663.3650408
job_end: 1746666668.3887792
