task_node: unknown
task_start: 1746666663.3832371
task_end: 1746666668.3883862
