job_queue: 1746667496.3405638
job_start: 1746667496.3567927
job_fail: 1746667496.4011672
