job_start: 1747221295.010832
job_queue: 1747221295.012473
job_end: 1747222856.042569
