task_node: unknown
task_start: 1747222133.5218234
task_end: 1747222856.0404675
