job_queue: 1746666359.5804198
job_start: 1746666359.698936
job_end: 1746666364.792945
