job_queue: 1746665649.1925647
job_start: 1746665649.2008064
job_end: 1746665651.204165
