task_node: unknown
task_start: 1746665649.201563
task_end: 1746665651.2037215
