job_queue: 1746666773.4869056
job_start: 1746666773.4984298
job_end: 1746666778.5102198
