task_node: unknown
task_start: 1746666773.5061898
task_end: 1746666778.5097573
