job_queue: 1746666773.4668305
job_start: 1746666773.472252
job_end: 1746666778.4857326
