task_node: unknown
task_start: 1746666773.4800053
task_end: 1746666778.485101
