job_start: 1747216971.2155626
job_queue: 1747216971.2163649
job_end: 1747216989.1631966
