task_node: unknown
task_start: 1747216986.223871
task_end: 1747216989.161901
