job_start: 1747216971.091906
job_queue: 1747216971.093108
job_end: 1747216975.3141818
