task_node: unknown
task_start: 1747216971.0984135
task_end: 1747216975.3122332
