job_start: 1747216971.0994654
job_queue: 1747216971.0997968
job_end: 1747216975.2786744
