task_node: unknown
task_start: 1747216971.1205575
task_end: 1747216975.2767422
