job_start: 1747146608.2804656
job_queue: 1747146608.3675375
job_end: 1747146675.336322
