task_node: unknown
task_start: 1747146608.37082
task_end: 1747146675.3334277
