job_queue: 1746667496.33751
job_start: 1746667496.3409536
job_fail: 1746667496.4098923
