job_start: 1747228599.242912
job_queue: 1747228599.2433205
job_end: 1747229732.8142908
