task_node: unknown
task_start: 1747229191.275375
task_end: 1747229732.8122354
