job_start: 1747148960.3572376
job_queue: 1747148960.4431264
job_end: 1747149275.8426225
