task_node: unknown
task_start: 1747148960.4466643
task_end: 1747149275.8365507
