job_queue: 1746667496.2697124
job_start: 1746667496.2954173
job_fail: 1746667496.2993395
