job_queue: 1746666733.1218338
job_start: 1746666733.139432
job_end: 1746666738.179717
