task_node: unknown
task_start: 1746666733.154309
task_end: 1746666738.1631246
