job_queue: 1746666702.8994064
job_start: 1746666702.9049833
job_end: 1746666707.9565299
