task_node: unknown
task_start: 1746666702.9506657
task_end: 1746666707.9560668
