job_queue: 1746667496.622607
job_start: 1746667496.6250298
job_fail: 1746667496.6356623
