job_queue: 1747154780.584516
job_node: unknown
job_start: 1747154780.9022858
job_end: 1747155518.875322
