task_node: unknown
task_start: 1747154788.875786
task_end: 1747155518.8738163
