job_queue: 1746665649.1797745
job_start: 1746665649.186622
job_end: 1746665651.197692
