task_node: unknown
task_start: 1746665649.1951787
task_end: 1746665651.1973379
