job_queue: 1746667496.6584446
job_start: 1746667496.6608071
job_fail: 1746667496.6674676
