job_queue: 1746666733.0546105
job_start: 1746666733.0555048
job_end: 1746666738.111064
