job_queue: 1746665576.9518802
job_start: 1746665576.970378
job_end: 1746665579.1073542
