task_node: unknown
task_start: 1746665577.0618107
task_end: 1746665579.1049826
