job_queue: 1746666733.0991557
job_start: 1746666733.1142745
job_end: 1746666738.1641245
