task_node: unknown
task_start: 1746666733.1158757
task_end: 1746666738.1196604
