job_start: 1747221294.982194
job_queue: 1747221294.9824762
job_end: 1747222133.5203235
