task_node: unknown
task_start: 1747221294.9951038
task_end: 1747222133.517693
