job_queue: 1746666414.635624
job_start: 1746666414.6431735
job_fail: 1746666414.6583343
