job_queue: 1746666640.92993
job_start: 1746666640.9377246
job_end: 1746666645.9519763
