job_start: 1747145883.220431
job_queue: 1747145883.280403
job_end: 1747145952.1677642
