task_node: unknown
task_start: 1747145883.284943
task_end: 1747145952.1605635
