job_queue: 1747152291.18958
job_node: unknown
job_start: 1747152291.5774105
job_end: 1747152994.2484019
