task_node: unknown
task_start: 1747152295.1764627
task_end: 1747152994.2470562
