job_queue: 1746667496.259325
job_start: 1746667496.261999
job_fail: 1746667496.3003218
