job_queue: 1747151462.0824943
job_node: unknown
job_start: 1747151462.3064454
job_end: 1747152288.1101737
