task_node: unknown
task_start: 1747151467.4374375
task_end: 1747152288.1088982
