job_queue: 1746666359.4392881
job_start: 1746666359.4409153
job_end: 1746666364.4865959
