job_queue: 1747155490.739306
job_node: unknown
job_start: 1747155490.9030838
job_end: 1747156289.4665022
