task_node: unknown
task_start: 1747155494.6203387
task_end: 1747156289.4645593
