task_node: unknown
task_start: 1746666174.3135483
task_end: 1746666179.3187485
