job_queue: 1746666663.3299432
job_start: 1746666663.3323984
job_end: 1746666668.4024568
