job_queue: 1746666640.7511487
job_start: 1746666640.7572668
job_end: 1746666645.8711839
