task_node: unknown
task_start: 1746666640.8651085
task_end: 1746666645.870253
