job_queue: 1746653752.5652456
job_start: 1746653752.5674903
job_end: 1746653754.5757208
