task_node: unknown
task_start: 1746653752.5733042
task_end: 1746653754.5754097
