job_queue: 1747152274.2340786
job_node: unknown
job_start: 1747152274.418136
job_end: 1747153014.4163477
