task_node: unknown
task_start: 1747152276.5968425
task_end: 1747153014.4150686
