job_queue: 1746665649.2003372
job_start: 1746665649.2190542
job_end: 1746665651.2392285
