task_node: unknown
task_start: 1746665649.232241
task_end: 1746665651.238279
