job_queue: 1746667496.6107292
job_start: 1746667496.6194928
job_fail: 1746667496.6252592
