job_queue: 1746666702.7658389
job_start: 1746666702.769337
job_end: 1746666707.8261168
