job_queue: 1746667496.4177868
job_start: 1746667496.4312859
job_fail: 1746667496.5180905
