job_queue: 1746667496.6326752
job_start: 1746667496.6351428
job_fail: 1746667496.6415663
