job_queue: 1746666733.0136387
job_start: 1746666733.019527
job_end: 1746666738.0588272
