task_node: unknown
task_start: 1746666733.0514638
task_end: 1746666738.0579617
