job_queue: 1746666640.8911505
job_start: 1746666640.9060345
job_end: 1746666645.9419074
