task_node: unknown
task_start: 1746666640.939947
task_end: 1746666645.9410815
