job_queue: 1747151464.0395648
job_node: unknown
job_start: 1747151464.2588494
job_end: 1747152295.8637764
