task_node: unknown
task_start: 1747151470.4871366
task_end: 1747152295.8577735
