job_queue: 1746667496.6615868
job_start: 1746667496.6659205
job_fail: 1746667496.6920564
