job_queue: 1746666773.334483
job_start: 1746666773.4027653
job_end: 1746666778.439278
