job_queue: 1746665506.9774323
job_start: 1746665506.9932866
job_end: 1746665509.0239706
