task_node: unknown
task_start: 1746665507.02148
task_end: 1746665509.0237434
