job_start: 1747216971.1762428
job_queue: 1747216971.1767697
job_end: 1747216983.3114326
