task_node: unknown
task_start: 1747216979.9060364
task_end: 1747216983.3102515
