job_queue: 1746667496.151914
job_start: 1746667496.229763
job_fail: 1746667496.2930748
