job_start: 1747216971.192743
job_queue: 1747216971.1951025
job_end: 1747216986.2954335
