task_node: unknown
task_start: 1747216983.2122269
task_end: 1747216986.2935605
