job_start: 1747330313.4603958
job_queue: 1747330313.5168934
job_fail: 1747330313.5338469
