task_node: unknown
task_start: 1747330313.5179503
task_fail: 1747330313.5234065
