job_start: 1747146082.3176143
job_queue: 1747146082.4212384
job_end: 1747146145.9307914
