task_node: unknown
task_start: 1747146082.437472
task_end: 1747146145.9278314
