job_start: 1747216971.0958629
job_queue: 1747216971.0965514
job_end: 1747216975.7042718
