task_node: unknown
task_start: 1747216971.1087546
task_end: 1747216975.7013767
