job_queue: 1746667496.0698166
job_start: 1746667496.0745149
job_fail: 1746667496.0877671
