job_queue: 1746667496.5995533
job_start: 1746667496.6018608
job_fail: 1746667496.6073215
