job_start: 1747216971.212917
job_queue: 1747216971.2135594
job_end: 1747216989.0367856
