task_node: unknown
task_start: 1747216986.0547826
task_end: 1747216989.035003
