task_node: unknown
task_start: 1747043699.9146245
task_end: 1747043699.935746
