job_start: 1747221294.990369
job_queue: 1747221294.9906294
job_end: 1747222837.2294176
