task_node: unknown
task_start: 1747222118.0136328
task_end: 1747222837.227203
