job_queue: 1747155499.380237
job_node: unknown
job_start: 1747155499.5297074
job_end: 1747156296.268777
