task_node: unknown
task_start: 1747155503.3956385
task_end: 1747156296.2647023
