job_start: 1747221295.040641
job_queue: 1747221295.041256
job_end: 1747223708.3993855
