task_node: unknown
task_start: 1747222847.2794757
task_end: 1747223708.3966975
