task_node: unknown
task_start: 1746653910.5258224
task_end: 1746653912.5280569
