job_queue: 1746666806.3035412
job_start: 1746666806.3454986
job_end: 1746666811.3519151
