task_node: unknown
task_start: 1746666806.3483694
task_end: 1746666811.351495
