job_start: 1747228599.239843
job_queue: 1747228599.240073
job_end: 1747229749.68502
