task_node: unknown
task_start: 1747229188.9708524
task_end: 1747229749.683688
