job_start: 1747216971.2316523
job_queue: 1747216971.232357
job_end: 1747216989.2279637
