task_node: unknown
task_start: 1747216986.2970037
task_end: 1747216989.2271824
