job_queue: 1746666773.4034326
job_start: 1746666773.4051344
job_end: 1746666778.450788
