task_node: unknown
task_start: 1746666773.4480805
task_end: 1746666778.4501681
