task_node: unknown
task_start: 1747043700.0365968
task_end: 1747043700.2424831
