task_node: unknown
task_start: 1746653916.5383408
task_end: 1746653918.5506349
