job_start: 1747216971.1592097
job_queue: 1747216971.1600885
job_end: 1747216983.190862
