task_node: unknown
task_start: 1747216979.7536435
task_end: 1747216983.1896422
