job_queue: 1746666773.5156286
job_start: 1746666778.4781954
job_end: 1746666783.4801614
