job_queue: 1746666702.818983
job_start: 1746666702.8202448
job_end: 1746666707.8901808
