task_node: unknown
task_start: 1746666702.8860793
task_end: 1746666707.8896987
