job_start: 1747221294.954537
job_queue: 1747221294.9636788
job_end: 1747222122.6572485
