task_node: unknown
task_start: 1747221294.9751778
task_end: 1747222122.654354
