job_start: 1747145993.8558772
job_queue: 1747145993.969703
job_end: 1747146074.5627136
