task_node: unknown
task_start: 1747145993.9733908
task_end: 1747146074.5487943
