job_queue: 1746666733.1153657
job_start: 1746666733.1195147
job_end: 1746666738.1786978
