job_queue: 1746667496.5515318
job_start: 1746667496.5528767
job_fail: 1746667496.572531
