job_start: 1747216971.1154861
job_queue: 1747216971.1237116
job_end: 1747216979.751673
