task_node: unknown
task_start: 1747216975.2951853
task_end: 1747216979.748098
