job_queue: 1747151459.7751806
job_node: unknown
job_start: 1747151459.8701358
job_end: 1747152271.9281662
