task_node: unknown
task_start: 1747151462.105956
task_end: 1747152271.9266713
