job_start: 1747221295.0481403
job_queue: 1747221295.04847
job_end: 1747224528.7072906
