task_node: unknown
task_start: 1747223692.8581626
task_end: 1747224528.7047591
