job_queue: 1746666414.6881754
job_start: 1746666414.689207
job_fail: 1746666414.7029612
