job_queue: 1746667495.8689919
job_start: 1746667495.8772478
job_fail: 1746667495.89644
