job_start: 1747216971.1816633
job_queue: 1747216971.182277
job_end: 1747216986.2223964
