task_node: unknown
task_start: 1747216983.192397
task_end: 1747216986.2216792
