job_queue: 1746653752.5632195
job_start: 1746653752.5656538
job_end: 1746653754.5798664
