task_node: unknown
task_start: 1746653752.5769536
task_end: 1746653754.5796225
