job_queue: 1746666773.472694
job_start: 1746666773.4838874
job_end: 1746666778.4907637
