task_node: unknown
task_start: 1746666773.4870937
task_end: 1746666778.4896233
