job_queue: 1746666806.412013
job_start: 1746666806.4171565
job_end: 1746666811.4201813
