job_start: 1747216971.1296847
job_queue: 1747216971.1302917
job_end: 1747216979.7962532
