task_node: unknown
task_start: 1747216975.3152368
task_end: 1747216979.7954574
