job_queue: 1746667496.5551717
job_start: 1746667496.5644517
job_fail: 1746667496.5909176
