task_node: unknown
task_start: 1746708296.139386
task_end: 1746708320.69753
