task_node: unknown
task_start: 1746653912.5296235
task_end: 1746653914.5318909
