job_queue: 1746666702.785568
job_start: 1746666702.7891393
job_end: 1746666707.860324
