task_node: unknown
task_start: 1746666702.8560324
task_end: 1746666707.8596544
