job_start: 1747228599.2453434
job_queue: 1747228599.2456288
job_end: 1747229740.646279
