task_node: unknown
task_start: 1747229193.6249619
task_end: 1747229740.6448026
