task_node: unknown
task_start: 1747144565.2418735
task_end: 1747144625.1017401
