job_queue: 1746666663.4529338
job_start: 1746666663.4725513
job_end: 1746666668.9202836
