task_node: unknown
task_start: 1746666663.498261
task_end: 1746666668.4996803
