job_queue: 1746666702.9171405
job_start: 1746666702.9206004
job_end: 1746666707.9784148
