task_node: unknown
task_start: 1746666702.9711905
task_end: 1746666707.9763737
