job_queue: 1746666663.473244
job_start: 1746666663.4789345
job_end: 1746666668.5053742
