task_node: unknown
task_start: 1746666663.4922974
task_end: 1746666668.4989316
