job_queue: 1746666806.3911874
job_start: 1746666806.392524
job_end: 1746666811.4093895
