task_node: unknown
task_start: 1746666806.4035518
task_end: 1746666811.4087229
