job_start: 1747228599.2501378
job_queue: 1747228599.2503793
job_end: 1747229740.1445584
