task_node: unknown
task_start: 1747229195.997901
task_end: 1747229740.1421912
