task_node: unknown
task_start: 1746653281.6096077
task_end: 1746653283.6118422
