job_queue: 1747154775.2140663
job_node: unknown
job_start: 1747154775.382997
job_end: 1747155487.3544707
