task_node: unknown
task_start: 1747154780.5703607
task_end: 1747155487.3535376
