job_start: 1747221295.0604396
job_queue: 1747221295.061088
job_end: 1747224543.637027
