task_node: unknown
task_start: 1747223708.4011014
task_end: 1747224543.635415
