job_queue: 1747154774.079398
job_node: unknown
job_start: 1747154774.2557983
job_end: 1747155483.5401835
