task_node: unknown
task_start: 1747154779.8546958
task_end: 1747155483.53872
