task_node: unknown
task_start: 1746653908.5218482
task_end: 1746653910.5241575
