job_start: 1747216971.112817
job_queue: 1747216971.1132069
job_end: 1747216979.6253848
