task_node: unknown
task_start: 1747216975.2795968
task_end: 1747216979.6239662
