job_queue: 1746653752.5589726
job_start: 1746653752.5601416
job_end: 1746653754.5636833
