task_node: unknown
task_start: 1746653752.5606878
task_end: 1746653754.5628679
