job_queue: 1746666773.4512155
job_start: 1746666773.4529703
job_end: 1746666778.4771838
