task_node: unknown
task_start: 1746666773.4715366
task_end: 1746666778.476696
