job_queue: 1746667495.9829173
job_start: 1746667496.0099204
job_fail: 1746667496.0532446
