job_queue: 1746666806.4508724
job_start: 1746666811.420309
job_end: 1746666816.427063
