task_node: unknown
task_start: 1746666811.4213786
task_end: 1746666816.4264853
