job_start: 1747221295.0369933
job_queue: 1747221295.0376346
job_end: 1747223705.0650759
