task_node: unknown
task_start: 1747222844.3863502
task_end: 1747223705.0627084
