job_start: 1747216971.1439378
job_queue: 1747216971.1458828
job_end: 1747216983.0448587
