task_node: unknown
task_start: 1747216979.6270866
task_end: 1747216983.0435624
