job_queue: 1746666663.3840852
job_start: 1746666663.3861856
job_end: 1746666668.4027343
