task_node: unknown
task_start: 1746666663.3958223
task_end: 1746666668.4019303
