job_queue: 1746667496.5634372
job_start: 1746667496.5719898
job_fail: 1746667496.590404
