job_queue: 1747155522.7493348
job_node: unknown
job_start: 1747155523.1584425
job_end: 1747156335.7975142
