task_node: unknown
task_start: 1747155527.3959982
task_end: 1747156335.7960904
