job_queue: 1746667496.5342824
job_start: 1746667496.538944
job_fail: 1746667496.5738473
