task_node: unknown
task_start: 1747043699.9769566
task_end: 1747043700.0231647
