task_node: unknown
task_start: 1747043704.1407082
task_end: 1747043723.1902845
