job_start: 1747221295.0063984
job_queue: 1747221295.0076985
job_end: 1747222847.2778642
