task_node: unknown
task_start: 1747222126.3807757
task_end: 1747222847.2758505
