job_queue: 1746666663.458337
job_start: 1746666663.4602046
job_end: 1746666668.656522
