task_node: unknown
task_start: 1746666663.493615
task_end: 1746666668.499327
