job_queue: 1746666640.8538945
job_start: 1746666640.8548915
job_end: 1746666645.8903954
