job_queue: 1747152275.405152
job_node: unknown
job_start: 1747152275.574105
job_end: 1747153015.1791599
