task_node: unknown
task_start: 1747152278.5776722
task_end: 1747153015.1780958
