job_start: 1747221295.0568197
job_queue: 1747221295.0571246
job_end: 1747224543.1270664
