task_node: unknown
task_start: 1747223705.066875
task_end: 1747224543.1247373
