job_queue: 1746666663.4009073
job_start: 1746666663.4196873
job_end: 1746666668.4656546
