task_node: unknown
task_start: 1746666663.457762
task_end: 1746666668.4596534
