job_queue: 1746667496.6373196
job_start: 1746667496.6381109
job_fail: 1746667496.6430328
