job_queue: 1747156291.009775
job_node: unknown
job_start: 1747156291.286779
job_end: 1747156795.9499645
