task_node: unknown
task_start: 1747156293.6825905
task_end: 1747156795.9337754
