job_queue: 1746667496.629027
job_start: 1746667496.6344967
job_fail: 1746667496.6421087
