job_start: 1747242950.5764678
job_queue: 1747242950.815411
job_fail: 1747242950.892638
