task_node: unknown
task_start: 1747242950.827553
task_fail: 1747242950.8277159
