job_queue: 1746667496.483265
job_start: 1746667496.4858282
job_fail: 1746667496.522853
