task_node: unknown
task_start: 1746653283.614764
task_end: 1746653285.6170676
