job_queue: 1747156275.2048202
job_node: unknown
job_start: 1747156275.3387225
job_end: 1747156783.5898747
