task_node: unknown
task_start: 1747156278.8281498
task_end: 1747156783.570813
