job_queue: 1746665506.9989889
job_start: 1746665507.0055532
job_end: 1746665509.0281062
