task_node: unknown
task_start: 1746665507.0252914
task_end: 1746665509.0278502
