job_start: 1747216971.1739967
job_queue: 1747216971.1746783
job_end: 1747216983.2112484
