task_node: unknown
task_start: 1747216979.797172
task_end: 1747216983.2100902
