job_queue: 1746666806.4376116
job_start: 1746666811.391083
job_end: 1746666816.397249
