task_node: unknown
task_start: 1746666811.3916867
task_end: 1746666816.3968213
