job_queue: 1746666414.7319984
job_start: 1746666414.734094
job_fail: 1746666414.7377114
