job_start: 1747221295.063813
job_queue: 1747221295.0641797
job_end: 1747224563.0262477
