task_node: unknown
task_start: 1747223725.9908352
task_end: 1747224563.0237908
