job_queue: 1746667496.6057668
job_start: 1746667496.60743
job_fail: 1746667496.608192
