job_queue: 1746665507.0239358
job_start: 1746665507.0263698
job_end: 1746665509.030006
