task_node: unknown
task_start: 1746665507.0291753
task_end: 1746665509.0296159
