job_start: 1747228599.1609793
job_queue: 1747228599.2110507
job_end: 1747229191.2710195
