task_node: unknown
task_start: 1747228599.235772
task_end: 1747229191.2683856
