job_start: 1747228599.235327
job_queue: 1747228599.235506
job_end: 1747229193.6178837
