task_node: unknown
task_start: 1747228599.2405927
task_end: 1747229193.6151526
