job_start: 1747146990.8177006
job_queue: 1747146990.9016876
job_end: 1747147278.1676934
