task_node: unknown
task_start: 1747146990.952714
task_end: 1747147278.1647143
