job_queue: 1747155489.3930216
job_node: unknown
job_start: 1747155489.5582008
job_end: 1747156273.7007933
