task_node: unknown
task_start: 1747155492.6931696
task_end: 1747156273.6987088
