job_queue: 1746666773.4563563
job_start: 1746666773.4597914
job_end: 1746666778.4789283
