task_node: unknown
task_start: 1746666773.4721377
task_end: 1746666778.4775603
